337	118	4	4.5	4.5	9.65	1	0.92
324	107	4	4	4.5	8.87	1	0.76
316	104	3	3	3.5	8	1	0.72
322	110	3	3.5	2.5	8.67	1	0.8
314	103	2	2	3	8.21	0	0.65
330	115	5	4.5	3	9.34	1	0.9
321	109	3	3	4	8.2	1	0.75
308	101	2	3	4	7.9	0	0.68
302	102	1	2	1.5	8	0	0.5
323	108	3	3.5	3	8.6	0	0.45
325	106	3	3.5	4	8.4	1	0.52
327	111	4	4	4.5	9	1	0.84
328	112	4	4	4.5	9.1	1	0.78
307	109	3	4	3	8	1	0.62
311	104	3	3.5	2	8.2	1	0.61
314	105	3	3.5	2.5	8.3	0	0.54
317	107	3	4	3	8.7	0	0.66
319	106	3	4	3	8	1	0.65
318	110	3	4	3	8.8	0	0.63
303	102	3	3.5	3	8.5	0	0.62
312	107	3	3	2	7.9	1	0.64
325	114	4	3	2	8.4	0	0.7
328	116	5	5	5	9.5	1	0.94
334	119	5	5	4.5	9.7	1	0.95
336	119	5	4	3.5	9.8	1	0.97
340	120	5	4.5	4.5	9.6	1	0.94
322	109	5	4.5	3.5	8.8	0	0.76
298	98	2	1.5	2.5	7.5	1	0.44
295	93	1	2	2	7.2	0	0.46
310	99	2	1.5	2	7.3	0	0.54
300	97	2	3	3	8.1	1	0.65
327	103	3	4	4	8.3	1	0.74
338	118	4	3	4.5	9.4	1	0.91
340	114	5	4	4	9.6	1	0.9
331	112	5	4	5	9.8	1	0.94
320	110	5	5	5	9.2	1	0.88
299	106	2	4	4	8.4	0	0.64
300	105	1	1	2	7.8	0	0.58
304	105	1	3	1.5	7.5	0	0.52
307	108	2	4	3.5	7.7	0	0.48
308	110	3	3.5	3	8	1	0.46
316	105	2	2.5	2.5	8.2	1	0.49
313	107	2	2.5	2	8.5	1	0.53
332	117	4	4.5	4	9.1	0	0.87
326	113	5	4.5	4	9.4	1	0.91
322	110	5	5	4	9.1	1	0.88
329	114	5	4	5	9.3	1	0.86
339	119	5	4.5	4	9.7	0	0.89
321	110	3	3.5	5	8.85	1	0.82
327	111	4	3	4	8.4	1	0.78
313	98	3	2.5	4.5	8.3	1	0.76
312	100	2	1.5	3.5	7.9	1	0.56
334	116	4	4	3	8	1	0.78
324	112	4	4	2.5	8.1	1	0.72
322	110	3	3	3.5	8	0	0.7
320	103	3	3	3	7.7	0	0.64
316	102	3	2	3	7.4	0	0.64
298	99	2	4	2	7.6	0	0.46
300	99	1	3	2	6.8	1	0.36
311	104	2	2	2	8.3	0	0.42
309	100	2	3	3	8.1	0	0.48
307	101	3	4	3	8.2	0	0.47
304	105	2	3	3	8.2	1	0.54
315	107	2	4	3	8.5	1	0.56
325	111	3	3	3.5	8.7	0	0.52
325	112	4	3.5	3.5	8.92	0	0.55
327	114	3	3	3	9.02	0	0.61
316	107	2	3.5	3.5	8.64	1	0.57
318	109	3	3.5	4	9.22	1	0.68
328	115	4	4.5	4	9.16	1	0.78
332	118	5	5	5	9.64	1	0.94
336	112	5	5	5	9.76	1	0.96
321	111	5	5	5	9.45	1	0.93
314	108	4	4.5	4	9.04	1	0.84
314	106	3	3	5	8.9	0	0.74
329	114	2	2	4	8.56	1	0.72
327	112	3	3	3	8.72	1	0.74
301	99	2	3	2	8.22	0	0.64
296	95	2	3	2	7.54	1	0.44
294	93	1	1.5	2	7.36	0	0.46
312	105	3	2	3	8.02	1	0.5
340	120	4	5	5	9.5	1	0.96
320	110	5	5	4.5	9.22	1	0.92
322	115	5	4	4.5	9.36	1	0.92
340	115	5	4.5	4.5	9.45	1	0.94
319	103	4	4.5	3.5	8.66	0	0.76
315	106	3	4.5	3.5	8.42	0	0.72
317	107	2	3.5	3	8.28	0	0.66
314	108	3	4.5	3.5	8.14	0	0.64
316	109	4	4.5	3.5	8.76	1	0.74
318	106	2	4	4	7.92	1	0.64
299	97	3	5	3.5	7.66	0	0.38
298	98	2	4	3	8.03	0	0.34
301	97	2	3	3	7.88	1	0.44
303	99	3	2	2.5	7.66	0	0.36
304	100	4	1.5	2.5	7.84	0	0.42
306	100	2	3	3	8	0	0.48
331	120	3	4	4	8.96	1	0.86
332	119	4	5	4.5	9.24	1	0.9
323	113	3	4	4	8.88	1	0.79
322	107	3	3.5	3.5	8.46	1	0.71
312	105	2	2.5	3	8.12	0	0.64
314	106	2	4	3.5	8.25	0	0.62
317	104	2	4.5	4	8.47	0	0.57
326	112	3	3.5	3	9.05	1	0.74
316	110	3	4	4.5	8.78	1	0.69
329	111	4	4.5	4.5	9.18	1	0.87
338	117	4	3.5	4.5	9.46	1	0.91
331	116	5	5	5	9.38	1	0.93
304	103	5	5	4	8.64	0	0.68
305	108	5	3	3	8.48	0	0.61
321	109	4	4	4	8.68	1	0.69
301	107	3	3.5	3.5	8.34	1	0.62
320	110	2	4	3.5	8.56	0	0.72
311	105	3	3.5	3	8.45	1	0.59
310	106	4	4.5	4.5	9.04	1	0.66
299	102	3	4	3.5	8.62	0	0.56
290	104	4	2	2.5	7.46	0	0.45
296	99	2	3	3.5	7.28	0	0.47
327	104	5	3	3.5	8.84	1	0.71
335	117	5	5	5	9.56	1	0.94
334	119	5	4.5	4.5	9.48	1	0.94
310	106	4	1.5	2.5	8.36	0	0.57
308	108	3	3.5	3.5	8.22	0	0.61
301	106	4	2.5	3	8.47	0	0.57
300	100	3	2	3	8.66	1	0.64
323	113	3	4	3	9.32	1	0.85
319	112	3	2.5	2	8.71	1	0.78
326	112	3	3.5	3	9.1	1	0.84
333	118	5	5	5	9.35	1	0.92
339	114	5	4	4.5	9.76	1	0.96
303	105	5	5	4.5	8.65	0	0.77
309	105	5	3.5	3.5	8.56	0	0.71
323	112	5	4	4.5	8.78	0	0.79
333	113	5	4	4	9.28	1	0.89
314	109	4	3.5	4	8.77	1	0.82
312	103	3	5	4	8.45	0	0.76
316	100	2	1.5	3	8.16	1	0.71
326	116	2	4.5	3	9.08	1	0.8
318	109	1	3.5	3.5	9.12	0	0.78
329	110	2	4	3	9.15	1	0.84
332	118	2	4.5	3.5	9.36	1	0.9
331	115	5	4	3.5	9.44	1	0.92
340	120	4	4.5	4	9.92	1	0.97
325	112	2	3	3.5	8.96	1	0.8
320	113	2	2	2.5	8.64	1	0.81
315	105	3	2	2.5	8.48	0	0.75
326	114	3	3	3	9.11	1	0.83
339	116	4	4	3.5	9.8	1	0.96
311	106	2	3.5	3	8.26	1	0.79
334	114	4	4	4	9.43	1	0.93
332	116	5	5	5	9.28	1	0.94
321	112	5	5	5	9.06	1	0.86
324	105	3	3	4	8.75	0	0.79
326	108	3	3	3.5	8.89	0	0.8
312	109	3	3	3	8.69	0	0.77
315	105	3	2	2.5	8.34	0	0.7
309	104	2	2	2.5	8.26	0	0.65
306	106	2	2	2.5	8.14	0	0.61
297	100	1	1.5	2	7.9	0	0.52
315	103	1	1.5	2	7.86	0	0.57
298	99	1	1.5	3	7.46	0	0.53
318	109	3	3	3	8.5	0	0.67
317	105	3	3.5	3	8.56	0	0.68
329	111	4	4.5	4	9.01	1	0.81
322	110	5	4.5	4	8.97	0	0.78
302	102	3	3.5	5	8.33	0	0.65
313	102	3	2	3	8.27	0	0.64
293	97	2	2	4	7.8	1	0.64
311	99	2	2.5	3	7.98	0	0.65
312	101	2	2.5	3.5	8.04	1	0.68
334	117	5	4	4.5	9.07	1	0.89
322	110	4	4	5	9.13	1	0.86
323	113	4	4	4.5	9.23	1	0.89
321	111	4	4	4	8.97	1	0.87
320	111	4	4.5	3.5	8.87	1	0.85
329	119	4	4.5	4.5	9.16	1	0.9
319	110	3	3.5	3.5	9.04	0	0.82
309	108	3	2.5	3	8.12	0	0.72
307	102	3	3	3	8.27	0	0.73
300	104	3	3.5	3	8.16	0	0.71
305	107	2	2.5	2.5	8.42	0	0.71
299	100	2	3	3.5	7.88	0	0.68
314	110	3	4	4	8.8	0	0.75
316	106	2	2.5	4	8.32	0	0.72
327	113	4	4.5	4.5	9.11	1	0.89
317	107	3	3.5	3	8.68	1	0.84
335	118	5	4.5	3.5	9.44	1	0.93
331	115	5	4.5	3.5	9.36	1	0.93
324	112	5	5	5	9.08	1	0.88
324	111	5	4.5	4	9.16	1	0.9
323	110	5	4	5	8.98	1	0.87
322	114	5	4.5	4	8.94	1	0.86
336	118	5	4.5	5	9.53	1	0.94
316	109	3	3.5	3	8.76	0	0.77
307	107	2	3	3.5	8.52	1	0.78
306	105	2	3	2.5	8.26	0	0.73
310	106	2	3.5	2.5	8.33	0	0.73
311	104	3	4.5	4.5	8.43	0	0.7
313	107	3	4	4.5	8.69	0	0.72