1.16750582704506
1.19373500809909
1.19373500809909
1.92448337912379
1.09544560318278
1.09544560318278
1.09544560318278
1.09544560318278
1.09544560318278
1.09544560318278
1.09544560318278
1.09544560318278
1.49755465923158
1.17690316299071
1.17690316299071
1.17690316299071
1.1878763517392
1.03178598660592
1.03178598660592
1.03178598660592
1.03178598660592
1.03178598660592
1.03178598660592
1.03178598660592
1.03178598660592
1.03178598660592
1.03178598660592
1.03178598660592
1.03178598660592
1.03178598660592
1.03178598660592
1.03178598660592
1.03178598660592
1.03178598660592
1.03178598660592
1.03178598660592
1.03178598660592
1.03178598660592
1.03178598660592
1.03178598660592
1.03178598660592
1.03178598660592
1.03178598660592
1.03178598660592
1.03178598660592
1.03178598660592
1.00767013390533
1
1
1
1
1
1
1
1
1
1
1
1
1
1
1
1
1
1
1
1
1
1
1
1
1.03755639373655
1.10271783973767
1.10271783973767
1.10271783973767
1.10271783973767
1.10271783973767
1.10271783973767
1.10271783973767
1.09220047276541
1
1
1
1
1
1
1
1
1
1
1
1
1
1
1
1
