0.343087264	0.35618421	0.371781097	0.325587764	0.205477097	0.324767058	0.2002	0.241816638	0.241816638	0.326392667	0.324990805	0.302618167
0.359017845	0.36874811	0.382184134	0.342523349	0.205477097	0.26785403	0.2002	0.254059046	0.33412	0.337429018	0.336977573	0.320265261
0.292719128	0.26992289	0.245219727	0.270417009	0.292719128	0.294778576	0.33542	0.39966265	0.284068911	0.33845662	0.338317824	0.32215451
0.359017845	0.37319904	0.382184134	0.342523349	0.205477097	0.26785403	0.2002	0.203572405	0.26128	0.337429018	0.336977573	0.320265261
0.40465254	0.40143286	0.393700366	0.335835362	0.205477097	0.528509861	0.2002	0.331021226	0.23222	0.537136445	0.573189007	0.392672865
0.229757124	0.23031308	0.229629568	0.314310055	0.205477097	0.234329956	0.22435	0.158610959	0.297266029	0.297266029	0.295373902	0.253228764
0.264649202	0.27751697	0.284108547	0.258516467	0.205477097	0.26192472	0.22435	0.132553757	0.26988	0.299589435	0.299366347	0.260367077
0.264649202	0.27585913	0.284108547	0.258516467	0.205477097	0.26192472	0.22435	0.168233908	0.205477097	0.299589435	0.299366347	0.260367077
0.21251755	0.20315521	0.19700884	0.16669719	0.08588702	0.20238692	0.3242976	0.00042503	0.11306182	0.24658871	0.24986898	0.21314712
0.264649202	0.27645987	0.284108547	0.258516467	0.205477097	0.26192472	0.22435	0.109277374	0.26192472	0.299589435	0.299366347	0.260367077
0.264649202	0.27563528	0.284108547	0.258516467	0.205477097	0.26192472	0.22435	0.159586665	0.258516467	0.299589435	0.299366347	0.260367077
0.1141039	0.14128078	0.15853586	0.11218804	0.1141039	0.12190337	0.1141008	0.15342683	0.27300115	0.22751454	0.2342548	0.1876587
0.264649202	0.27515309	0.284108547	0.258516467	0.205477097	0.26192472	0.22435	0.149543462	0.26192472	0.299589435	0.299366347	0.260367077
0.264649202	0.27379864	0.284108547	0.258516467	0.205477097	0.26192472	0.22435	0.146065414	0.375375517	0.299589435	0.299366347	0.260367077
0.264649202	0.27274247	0.284108547	0.258516467	0.205477097	0.26192472	0.22435	0.146187328	0.286379805	0.299589435	0.299366347	0.260367077
0.17109485	0.18810221	0.19911631	0.16226371	0.08588702	0.1671716	0.113064	-0.05264058	0.1671716	0.22140879	0.22108754	0.16492859
0.335983455	0.3141061	0.338204942	0.319112496	0.205477097	0.375375517	0.37104	0.146252902	0.282418062	0.438851808	0.43747034	0.415125195
0.293414963	0.27691334	0.262645029	0.261595271	0.205477097	0.286379805	0.37104	0.146128493	0.224348484	0.317075494	0.31935346	0.293852167
0.16524064	0.17158494	0.19940148	0.16193454	0.16524064	0.16311294	0.1652352	0.12995491	0.10903246	0.21961581	0.21768452	0.15887018
0.286964498	0.28500079	0.27741421	0.262012643	0.205477097	0.282418062	0.37104	0.155505002	0.224348484	0.316255382	0.318877547	0.293098464
0.310338704	0.29820322	0.280876627	0.26712631	0.205477097	0.305192043	0.37104	0.230946468	0.228980948	0.337447465	0.337002621	0.320300724
0.371044679	0.36105673	0.343299877	0.300089109	0.224348484	0.361069093	0.37104	0.233623131	0.228980948	0.39423618	0.394923872	0.386542491
0.309980415	0.30874253	0.296972007	0.262905257	0.224348484	0.296517552	0.30998	0.229741099	0.230119252	0.319939815	0.320999128	0.296442012
0.224348484	0.22548292	0.228014028	0.223741949	0.224348484	0.229449123	0.22435	0.254996022	0.231545114	0.303372704	0.307765058	0.274894827
0.225072154	0.2300561	0.228149901	0.223741692	0.225072154	0.230488452	0.22507	0.252379743	0.335417466	0.303829541	0.308510276	0.276151873
0.17109485	0.18427004	0.19911631	0.16226371	0.08588702	0.1671716	0.113064	0.0003342	0.33054074	0.22140879	0.22108754	0.16492859
0.335417466	0.32442913	0.367108957	0.297546843	0.335417466	0.33152599	0.33542	0.39966265	0.259267315	0.328516502	0.326562704	0.305009227
0.284068911	0.29538219	0.296882336	0.266742978	0.284068911	0.275924592	0.22155	0.273939234	0.260583781	0.295722396	0.293497822	0.249822707
0.261550316	0.24717937	0.228066581	0.301633383	0.221550316	0.228980948	0.22155	0.296223245	0.25910621	0.287032058	0.28679342	0.237380572
0.16663246	0.14593829	0.11841588	0.22435207	0.10903246	0.11973257	0.109032	0.21656147	0.16311294	0.20332616	0.20298252	0.13182802
0.261550316	0.24646274	0.228066581	0.301633383	0.221550316	0.228980948	0.22155	0.256532713	0.260807841	0.287032058	0.28679342	0.237380572
0.250119252	0.24326315	0.229530424	0.260924318	0.230119252	0.238689246	0.23012	0.272446916	0.239951519	0.289413994	0.288320572	0.240251817
0.23688773	0.21941264	0.19446234	0.17466189	0.08588702	0.22947654	0.3242976	0.12256291	0.11973257	0.27592435	0.27528377	0.25123304
0.251545114	0.24094809	0.229930388	0.260229035	0.231545114	0.239951519	0.23155	0.248055732	0.205477097	0.289736965	0.288537358	0.240657627
0.256463753	0.24578058	0.232019707	0.259369106	0.236463753	0.243621801	0.32669	0.257419802	0.205477097	0.291922324	0.290097484	0.243565072
0.1593078	0.14392404	0.12410838	0.16349151	0.1305078	0.14081539	0.2604336	0.16068451	0.08588702	0.21036815	0.20774038	0.1407337
0.260807841	0.25432297	0.284252474	0.258308913	0.260807841	0.259267315	0.26081	0.239973844	0.224348484	0.298446254	0.297175215	0.256467968
0.260583781	0.26498954	0.284306583	0.258287876	0.260583781	0.25910621	0.26058	0.2360798	0.221550316	0.298344313	0.29700314	0.25615985
0.260125861	0.27413302	0.284324931	0.258265743	0.260125861	0.258798801	0.26013	0.230617192	0.230119252	0.298189428	0.296748237	0.255702912
0.315387026	0.31424937	0.311000341	0.266453168	0.315387026	0.29819809	0.31539	0.361655555	0.266742978	0.31613041	0.318804569	0.292982702
0.3069857	0.32740662	0.34034515	0.28323362	0.08588702	0.1757098	0.078288	0.08314426	0.1662432	0.27589779	0.27524771	0.25118198
0.37269966	0.36806332	0.35692853	0.27360292	0.08588702	0.5510542	0.078288	0.26667057	0.1243968	0.56347648	0.61539217	0.35544893
