0	0	0	0	0	0	0	0	0	0	0	0	15.86667	3	0	0	0	0	1.86667	1	0	0	0	0	0	0	0	0	0	0	0	0	0	0	36.86667	4	0	0	11.66667	3	0	0	0	0	0	0	0	0	0	0	0	0	0	0	0	0.224348484
0	0	0	0	0	0	0	0	1.86667	1	0	0	15.26667	3	0	0	0	0	0	0	0	0	0	0	0	0	0	0	0	0	0	0	0	0	39.33333	4	0	0	11.66667	3	0	0	0	0	0	0	0	0	0	0	0	0	0	0	0	0.225072154
0	0	0	0	0	0	0	0	13.06667	2	0	0	15.86667	3	0	0	0	0	0	0	0	0	0	0	0	0	0	0	0	0	0	0	0	0	38.66667	4	0	0	11.66667	3	0	0	0	0	0	0	0	0	0	0	0	0	0	0	0	0.292719128
0	0	0	0	0	0	0	0	13.6	2	0	0	15.86667	3	0	0	0	0	0	0	14.4	3	0	0	0	0	0	0	0	0	0	0	0	0	31.73333	3	0	0	11.66667	3	0	0	0	0	0	0	0	0	0	0	0	0	0	0	0	0.335417466
0	0	0	0	0	0	0	0	9.93333	2	0	0	13.46667	2	0	0	0	0	0	0	15.26667	3	0	0	0	0	0	0	0	0	0	0	0	0	0	0	0	0	11.66667	3	0	0	0	0	0	0	0	0	0	0	0	0	0	0	0	0.284068911
0	0	0	0	0	0	0	0	0	0	0	0	0	0	0	0	0	0	0	0	15.26667	3	0	0	0	0	0	0	0	0	0	0	0	0	0	0	0	0	11.66667	3	0	0	0	0	0	0	0	0	0	0	0	0	0	0	0	0.221550316
0	0	0	0	0	0	0	0	0	0	0	0	0	0	0	0	0	0	0	0	15.26667	3	0	0	0	0	0	0	0	0	0	0	0	0	0	0	0	0	11.66667	3	0	0	0	0	0	0	0	0	0	0	0	0	0	0	0	0.221550316
0	0	0	0	0	0	0	0	0	0	0	0	0	0	12.06667	3	0	0	0	0	15.2	3	0	0	0	0	0	0	0	0	0	0	0	0	0	0	0	0	11.66667	3	0	0	0	0	0	0	0	0	0	0	0	0	0	0	0	0.230119252
0	0	0	0	0	0	0	0	0	0	0	0	0	0	15.86667	3	0	0	0	0	15.4	3	0	0	0	0	0	0	0	0	0	0	0	0	0	0	0	0	11.66667	3	0	0	0	0	0	0	0	0	0	0	0	0	0	0	0	0.231545114
0.33333	1	0	0	0	0	0	0	0	0	0	0	0	0	15.86667	3	0	0	0	0	15.26667	3	0	0	0	0	0	0	0	0	0	0	0.33333	1	0	0	0	0	11.66667	3	0	0	0	0	0	0	0	0	0	0	0	0	0	0	0	0.236463753
10.2	2	0	0	0	0	0	0	0	0	0	0	0	0	15.86667	3	0	0	0	0	15.26667	3	0	0	0	0	0	0	0	0	0	0	10.46667	2	0	0	0	0	11.66667	3	0	0	0	0	0	0	0	0	0	0	0	0	0	0	0	0.260807841
10.2	2	0	0	0	0	0	0	0	0	0	0	0	0	15.86667	3	0	0	0	0	15.4	3	0	0	0	0	0	0	0	0	0	0	9.86667	2	0	0	0	0	11.66667	3	0	0	0	0	0	0	0	0	0	0	0	0	0	0	0	0.260583781
9.73333	2	0	0	0	0	0	0	0	0	0	0	0	0	15.86667	3	0	0	0	0	16.06667	3	0	0	0	0	0	0	0	0	0	0	9.2	2	0	0	0	0	11.66667	3	0	0	0	0	0	0	0	0	0	0	0	0	0	0	0	0.260125861
12.53333	3	0.13333	1	0	0	0	0	0	0	0	0	0	0	15.86667	3	0	0	0	0	15.26667	3	0	0	0	0	0	0	0.73333	1	0	0	18.86667	3	0	0	0	0	11.66667	3	0	0	0	0	0	0	0	0	0	0	0	0	0	0	0	0.315387026
0	0	0.06667	1	0	0	0	0	0	0	0	0	0	0	15.86667	3	0	0	0	0	15.26667	3	0	0	0	0	0	0	0.13333	1	0	0	29.4	4	0	0	0	0	11.66667	3	0	0	0	0	0	0	0	0	0	0	0	0	0	0	0	0.281000306
0	0	47.86667	4	0	0	0	0	0	0	0	0	0	0	15.86667	3	0	0	0	0	15.4	3	0	0	0	0	0	0	63.26667	4	0	0	30.86667	4	0	0	0	0	11.66667	3	0	0	0	0	0	0	0	0	0	0	0	0	0	0	0	0.591207656
0	0	26.46667	3	0	0	0	0	0	0	0	0	0	0	15.86667	3	0	0	0	0	15.26667	3	0	0	0	0	0	0	80	4	0	0	30	4	0	0	0	0	11.66667	3	0	0	0	0	0	0	0	0	0	0	0	0	0	0	0	0.637231813
0	0	0	0	0	0	0	0	0	0	0	0	0	0	15.86667	3	0	0	0	0	15.06667	3	0	0	0	0	0	0	78.53333	4	0	0	30.6	4	0	0	0	0	11.66667	3	0	0	0	0	0	0	0	0	0	0	0	0	0	0	0	0.618478098
0	0	3.86667	1	0	0	0	0	0	0	0	0	0	0	15.86667	3	0	0	0	0	15.6	3	0	0	0	0	0	0	20.93333	3	0	0	31.2	4	0	0	0	0	11.66667	3	0	0	0	0	0	0	0	0	0	0	0	0	0	0	0	0.407795895
0	0	57.26667	4	0	0	0	0	0	0	0	0	0	0	15.86667	3	0	0	0	0	15.26667	3	0	0	0	0	0	0	0	0	0	0	12	2	0	0	0	0	11.66667	3	0	0	0	0	0	0	0	0	0	0	0	0	0	0	0	0.293720066
16.4	3	57.93333	4	0	0	0	0	0	0	0	0	0	0	15.86667	3	0	0	0	0	15.33333	3	0	0	0	0	0	0	0	0	0	0	0	0	0	0	0	0	11.66667	3	0	0	0	0	0	0	0	0	0	0	0	0	0	0	0	0.394504384
29.86667	4	58	4	0	0	0	0	0	0	0	0	0	0	15.86667	3	0	0	0	0	15.33333	3	0	0	0	0	0	0	54.6	4	0	0	0	0	0	0	0	0	11.66667	3	0	0	0	0	0	0	0	0	0	0	0	0	0	0	0	0.470380431
0.46667	1	80.6	4	0	0	0	0	0	0	0	0	0	0	15.86667	3	0	0	0	0	7.66667	2	0	0	0	0	0	0	35.13333	4	0	0	0	0	0	0	0	0	11.66667	3	0	0	0	0	0	0	0	0	0	0	0	0	0	0	0	0.326685705
11.66667	2	1.13333	1	0	0	0	0	0	0	0	0	0	0	15.86667	3	0	0	0	0	0	0	0	0	0	0	0	0	0	0	0	0	0	0	0	0	0	0	11.66667	3	0	0	0	0	0	0	0	0	0	0	0	0	0	0	0	0.205707323
28.8	4	0	0	0	0	0	0	0	0	0	0	0	0	15.86667	3	0	0	0	0	0	0	0	0	0	0	0	0	0	0	0	0	0	0	0	0	0	0	11.66667	3	0	0	0	0	0	0	0	0	0	0	0	0	0	0	0	0.204938116
29.46667	4	0	0	0	0	0	0	0	0	0	0	0	0	15.86667	3	0	0	0	0	0	0	0	0	0	0	0	0	0	0	0	0	0	0	0	0	0	0	11.66667	3	0	0	0	0	0	0	0	0	0	0	0	0	0	0	0	0.204962609
29.86667	4	0	0	0	0	0	0	0	0	0	0	0	0	15.86667	3	0	0	0	0	0	0	0	0	0	0	0	0	0	0	0	0	0	0	0	0	0	0	11.66667	3	0	0	0	0	0	0	0	0	0	0	0	0	0	0	0	0.204975852
29.13333	4	0	0	0	0	0	0	0	0	0	0	0	0	15.86667	3	0	0	0	0	0	0	0	0	0	0	0	0	0	0	0	0	0	0	0	0	0	0	11.66667	3	0	0	0	0	0	0	0	0	0	0	0	0	0	0	0	0.204950768
29.6	4	0	0	0	0	0	0	0	0	0	0	0	0	15.86667	3	0	0	0	0	0	0	0	0	0	0	0	0	0	0	0	0	0	0	0	0	0	0	1.73333	1	0	0	0	0	0	0	0	0	0	0	0	0	0	0	0	0.203976474
25.66667	3	0	0	0	0	0	0	0	0	0	0	0	0	15.86667	3	0	0	0	0	0	0	0	0	0	0	0	0	0	0	0	0	21.06667	3	0	0	0	0	0	0	0	0	0	0	0	0	0	0	0	0	0	0	0	0	0	0.205190338
24.2	3	0	0	0	0	0	0	0	0	0	0	0	0	15.86667	3	0	0	0	0	0	0	0	0	0	0	0	0	0	0	0	0	24.6	3	0	0	0	0	0	0	0	0	0	0	0	0	0	0	0	0	0	0	0	0	0	0.206354147
20.86667	3	0	0	0	0	0	0	0	0	0	0	0	0	15.86667	3	0	0	0	0	0	0	0	0	0	0	0	0	0	0	0	0	21.2	3	0	0	0	0	0	0	0	0	0	0	0	0	0	0	0	0	0	0	0	0	0	0.205008104
14.33333	3	0	0	0	0	0	0	0	0	0	0	0	0	15.86667	3	0	0	0	0	0	0	0	0	0	0	0	0	0	0	0	0	14.26667	3	0	0	0	0	0	0	0	0	0	0	0	0	11.46667	2	0	0	0	0	0	0	0	0.326396316
0	0	0	0	0	0	0	0	0	0	0	0	0	0	15.86667	3	0	0	0	0	0	0	0	0	0	0	0	0	0	0	0	0	0	0	0	0	0	0	0	0	0	0	0	0	0	0	12.46667	2	0	0	43.13333	4	0	0	0	0.617088012
0	0	0	0	0	0	0	0	0	0	0	0	0	0	15.86667	3	0	0	0	0	0	0	0	0	0	0	0	0	0	0	0	0	0	0	0	0	0	0	0	0	0	0	0	0	0	0	0	0	0	0	55.6	4	0	0	0	0.205647599
0	0	0	0	0	0	0	0	0	0	0	0	0	0	15.86667	3	0	0	0	0	0	0	0	0	0	0	0	0	0	0	0	0	0	0	0	0	0	0	0	0	0	0	0	0	0	0	0	0	0	0	55.6	4	0	0	0	0.205647599
0	0	0	0	6.93333	2	0	0	0	0	0	0	0	0	15.86667	3	0	0	0	0	0	0	0	0	0	0	0	0	0	0	6.73333	2	8.46667	2	0	0	0	0	0	0	0	0	0	0	0	0	0	0	0	0	55.6	4	0	0	0	0.319602978
0	0	0	0	20.46667	3	0	0	0	0	0	0	0	0	15.86667	3	0	0	0	0	0	0	0	0	0	0	0	0	0	0	21.2	3	30.93333	4	0	0	0	0	0	0	0	0	0	0	0	0	0	0	0	0	55.6	4	0	0	0	0.464139826
0	0	0	0	21	3	0	0	0	0	0	0	0	0	15.86667	3	0	0	0	0	0	0	0	0	0	0	0	0	0	0	21.6	3	0	0	0	0	0	0	0	0	0	0	0	0	0	0	0	0	0	0	3.8	1	51.8	4	0	0.351241885
0	0	0	0	20.66667	3	0	0	0	0	0	0	0	0	15.86667	3	0	0	0	0	0	0	0	0	0	0	0	0	0	0	20.8	3	0	0	0	0	0	0	0	0	0	0	0	0	0	0	0	0	0	0	0	0	55.6	4	0	0.218635713
0	0	0	0	20.53333	3	0	0	0	0	0	0	0	0	15.86667	3	0	0	0	0	0	0	0	0	0	0	1.86667	1	0	0	20.93333	3	0	0	0	0	0	0	0	0	0	0	0	0	0	0	0	0	0	0	0	0	55.6	4	0	0.243608216
0	0	0	0	20.8	3	0	0	0	0	0	0	0	0	15.86667	3	0	0	0	0	0	0	0	0	0	0	18.4	3	0	0	21.33333	3	0	0	0	0	0	0	0	0	0	0	0	0	0	0	0	0	0	0	0	0	55.6	4	0	0.454182164
0	0	0	0	21.26667	3	0	0	0	0	0	0	0	0	15.86667	3	0	0	0	0	0	0	0	0	0	0	34.2	4	0	0	21.46667	3	0	0	0	0	0	0	0	0	0	0	0	0	0	0	0	0	0	0	0	0	55.6	4	0	0.453134962
0	0	0	0	21.4	3	0	0	0	0	0	0	0	0	15.86667	3	0	0	0	0	0	0	0	0	0	0	34.53333	4	0	0	21.26667	3	0	0	0	0	0	0	0	0	0	0	0	0	0	0	0	0	11.2	2	0	0	44.4	4	0	0.683518623
0	0	0	0	2.73333	1	0	0	0	0	0	0	0	0	15.86667	3	0	0	0	0	0	0	9.86667	2	0	0	34.2	4	0	0	21.8	3	0	0	0	0	0	0	0	0	0	0	0	0	0	0	0	0	55.6	4	0	0	0	0	0	0.449129972
0	0	0	0	0	0	0	0	0	0	0	0	0	0	15.86667	3	0	0	0	0	0	0	16.06667	3	0	0	34.73333	4	0	0	14.73333	3	0	0	0	0	0	0	0	0	0	0	0	0	0	0	0	0	55.6	4	0	0	0	0	0	0.483889036
0	0	0	0	0	0	0	0	0	0	0	0	0	0	15.86667	3	0	0	0	0	0	0	16.06667	3	0	0	34.86667	4	0	0	0	0	0	0	0	0	0	0	0	0	0	0	0	0	0	0	0	0	55.6	4	0	0	0	0	0	0.352779364
0	0	0	0	0	0	0	0	0	0	0	0	0	0	15.86667	3	0	0	0	0	0	0	16.06667	3	0	0	30.13333	3	0	0	7.8	2	0	0	0	0	0	0	0	0	0	0	0	0	0	0	0	0	55.6	4	0	0	0	0	0	0.422498317
0	0	0	0	0	0	0	0	0	0	0	0	0	0	15.86667	3	0	0	0	0	0	0	16.06667	3	0	0	29.06667	3	0	0	44.86667	4	0	0	0	0	0	0	0	0	0	0	0	0	0	0	0	0	55.6	4	0	0	0	0	0	0.496460463
0	0	0	0	0	0	0	0	0	0	0	0	0	0	15.86667	3	0	0	0	0	0	0	15.53333	3	0	0	4.6	2	0	0	48.26667	4	0	0	0	0	0	0	0	0	0	0	0	0	0	0	0	0	55.6	4	0	0	0	0	0	0.47591668
0	0	0	0	0	0	0	0	0	0	0	0	0	0	15.86667	3	0	0	0	0	0	0	16	3	0	0	0	0	0	0	0	0	0	0	0	0	0	0	0	0	0	0	0	0	0	0	0	0	55.6	4	0	0	0	0	0	0.30913681
0	0	0	0	0	0	0	0	0	0	0	0	0	0	15.86667	3	0	0	0	0	0	0	16.06667	3	0	0	0	0	0	0	0	0	0	0	0	0	0	0	0	0	0	0	0	0	0	0	0	0	5.93333	2	0	0	0	0	0	0.29209669
0	0	0	0	0	0	0	0	0	0	0	0	0	0	15.86667	3	0	0	0	0	0	0	15.46667	3	0	0	0.8	1	0	0	0	0	0	0	0	0	0	0	0	0	0	0	0	0	0	0	0	0	0	0	0	0	0	0	0	0.287081825
0	0	0	0	0	0	0	0	0	0	0	0	0	0	15.86667	3	0	0	0	0	0	0	0	0	0	0	0	0	0	0	0	0	0	0	0	0	0	0	0	0	0	0	2.73333	1	0	0	0	0	0	0	0	0	0	0	0	0.201096662
0	0	0	0	0	0	0	0	0	0	0	0	0	0	15.86667	3	0	0	0	0	0	0	0	0	0	0	0	0	0	0	0	0	0	0	0	0	0	0	0	0	0	0	11.66667	2	0	0	0	0	0	0	0	0	0	0	0	0.203410937
0	0	0	0	0	0	0	0	0	0	0	0	0	0	15.86667	3	0	0	0	0	0	0	0	0	0	0	0	0	0	0	0	0	0	0	0	0	0	0	0	0	0	0	11.66667	2	0	0	0	0	0	0	0	0	0	0	0	0.203410937
0	0	0	0	22.8	3	0	0	0	0	0	0	0	0	15.86667	3	0	0	0	0	0	0	0	0	0	0	0	0	0	0	0	0	0	0	0	0	0	0	0	0	0	0	11.66667	2	0	0	0	0	0	0	0	0	0	0	0	0.207176335
0	0	0	0	41.86667	4	0	0	0	0	0	0	0	0	15.86667	3	0	0	0	0	0	0	0	0	0	0	0	0	0	0	0	0	0	0	0	0	0	0	0	0	0	0	11.66667	2	0	0	0	0	0	0	0	0	0	0	0	0.210447865
0	0	0	0	43.13333	4	0	0	0	0	0	0	0	0	15.86667	3	0	0	0	0	0	0	0	0	0	0	0	0	0	0	0	0	0	0	0	0	0	0	0	0	0	0	11.66667	2	0	0	0	0	0	0	0	0	0	0	0	0.210505267
0	0	0	0	41.4	4	0	0	0	0	0	0	0	0	15.86667	3	0	0	0	0	0	0	0	0	0	0	0	0	0	0	0	0	0	0	0	0	0	0	0	0	0	0	11.66667	2	0	0	0	0	0	0	0	0	0	0	0	0.210424089
0	0	0	0	24.66667	3	0	0	0	0	0	0	0	0	15.86667	3	0	0	0	0	0	0	0	0	0	0	0	0	0	0	0	0	0	0	0	0	0	0	0	0	0	0	11.66667	2	0	0	0	0	0	0	0	0	0	0	0	0.207459242
0	0	0	0	0	0	0	0	0	0	0	0	0	0	15.86667	3	0	0	0	0	0	0	0	0	0	0	0	0	0	0	0	0	0	0	0	0	0	0	0	0	0	0	8.93333	2	0	0	0	0	0	0	0	0	0	0	0	0.20294657
0	0	0	0	0	0	0	0	0	0	0	0	0	0	15.86667	3	0	0	0	0	0	0	0	0	0	0	0	0	0	0	0	0	0	0	0	0	0	0	0	0	0	0	0	0	0	0	0	0	0	0	0	0	0	0	24.86667	0.201532372
0	0	0	0	0	0	1.2	1	0	0	0	0	0	0	15.86667	3	0	0	0	0	0	0	0	0	0	0	0	0	0	0	27.26667	3	0	0	0	0	0	0	0	0	0	0	0	0	0	0	0	0	0	0	0	0	0	0	54.93333	0.211243685
0	0	0	0	0	0	2.26667	1	0	0	0	0	0	0	15.86667	3	0	0	0	0	0	0	0	0	0	0	0	0	0	0	13.26667	2	0	0	0	0	0	0	0	0	0	0	0	0	0	0	0	0	0	0	0	0	0	0	54.8	0.208760145
0	0	0	0	0	0	2.73333	1	0	0	0	0	0	0	15.86667	3	0	0	0	0	0	0	0	0	0	0	0	0	0	0	0	0	0	0	0	0	0	0	0	0	0	0	0	0	0	0	0	0	0	0	0	0	0	0	54.6	0.205406734
0	0	0	0	0	0	2.53333	1	0	0	0	0	0	0	15.86667	3	0	0	0	0	0	0	0	0	0	0	0	0	0	0	0	0	0	0	0	0	0	0	0	0	0	0	0	0	0	0	0	0	0	0	0	0	0	0	54.4	0.205228437
0	0	0	0	0	0	2.6	1	0	0	0	0	0	0	15.86667	3	0	0	0	0	0	0	0	0	0	0	0	0	0	0	0	0	0	0	0	0	0	0	0	0	0	0	0	0	0	0	0	0	0	0	0	0	0	0	55.6	0.20529024
0	0	0	0	0	0	1.13333	1	0	0	0	0	0	0	15.86667	3	0	0	0	0	0	0	0	0	0	0	0	0	0	0	0	0	0	0	0	0	0	0	0	0	0	0	0	0	0	0	0	0	0	0	0	0	0	0	54.73333	0.204578484
0	0	0	0	0	0	2.6	1	0	0	0	0	0	0	15.86667	3	0	0	0	0	0	0	0	0	0	0	0	0	0	0	0	0	0	0	0	0	0	0	0	0	0	0	0	0	0	0	0	0	0	0	0	0	0	0	55.4	0.205287986
0	0	0	0	0	0	3.93333	2	0	0	0	0	0	0	15.86667	3	0	0	0	0	0	0	0	0	0	0	0.8	1	0	0	0	0	0	0	0	0	0	0	0	0	0	0	0	0	0	0	0	0	0	0	0	0	0	0	54.53333	0.210189423
0	0	0	0	0	0	2.73333	1	0	0	0	0	0	0	15.86667	3	0	0	0	0	0	0	0	0	0	0	27.4	3	0	0	0	0	0	0	0	0	0	0	0	0	0	0	0	0	0	0	0	0	0	0	0	0	0	0	54.13333	0.21436823
0	0	0	0	0	0	3.26667	1	0	0	0	0	0	0	15.86667	3	0	0	0	0	0	0	0	0	0	0	26.46667	3	0	0	0	0	0	0	0	0	0	0	0	0	0	0	0	0	0	0	0	0	0	0	0	0	0	0	12.26667	0.20867284
0	0	0	0	0	0	3.06667	1	0	0	0	0	0	0	15.86667	3	0	0	0	0	0	0	0	0	0	0	21.26667	3	0	0	0	0	0	0	0	0	0	0	0	0	0	0	0	0	0	0	0	0	0	0	0	0	0	0	0	0.2053633
0	0	0	0	0	0	2.33333	1	0	0	0	0	0	0	15.86667	3	0	0	0	0	0	0	0	0	0	0	0	0	0	0	0	0	0	0	0	0	0	0	0	0	0	0	0	0	0	0	0	0	0	0	0	0	0	0	0	0.201825886
0	0	0	0	0	0	3.06667	1	0	0	0	0	0	0	15.86667	3	0	0	0	0	0	0	0	0	0	0	0	0	0	0	0	0	0	0	0	0	0	0	0	0	0	0	0	0	0	0	0	0	0	0	0	0	0	0	0	0.202358365
0	0	0	0	0	0	0	0	0	0	0	0	0	0	15.86667	3	0	0	0	0	0	0	0	0	0	0	0	0	0	0	0	0	0	0	0	0	0	0	0	0	0	0	0	0	0	0	0	0	0	0	0	0	0	0	0	0.200195133
0	0	0	0	0.91667	1	1.8	1	0	0	0	0	0	0	10.53333	2	8.86667	2	0	0	0	0	0	0	0	0	0	0	0	0	0	0	0	0	0	0	0	0	0	0	0	0	0	0	0	0	0	0	0	0	0	0	0	0	0	0.205477097
