1
1
1
1
1
1
1
1
1
1
1
1
1
1
1
1.02288919920804
1.07327601623567
1.10791442251417
1.1491502466455
1.15082335035675
1.15043329112117
1.11460170789472
1
1
1
1
1
1.00568453328829
1.03165401810942
1.03086616254954
1.02974565390698
1.10079661187525
1.12225492124678
1.8336035298958
1.96943481542677
1.96990375740495
1.38943094243467
1.03308094894193
1
1.12270503890704
1.10357479808585
1
1
1
1
1
1
1.05130392575839
1.05273108960877
1.05137414001967
1.04172225149298
1
1
1
1.16418313499642
1.28139610468595
1.04424419984706
1.04359502078676
1.10549125363226
1.33186914954812
1.31856792747602
1.31795011252155
1.31930378522235
1.30404741873529
1.08235863767664
1.22075976335759
1.37674330756931
1.25551713769299
1
1
1.00760293336076
1
1
1
1
1
1
1
1
1
1
1.0516921573167
1.03032904404931
1
1
1
1
1
1.00760293336076
1.06226104531876
1.06188385447371
1.05889343484417
1
1
1
1
