0.340882694
0.265860379
0.265860379
0.31170471738954
0.330821414177131
0.330821414177131
0.276143102
0.176143102254715
0.177854137316274
0.505583048197274
0.175708548593773
0.217579042835661
0.183756504137332
0.212969409205779
0.212700536639048
0.217579042835661
0.217579042835661
0.264649202
0.212151033138664
0.278464431583126
0.237200366753697
0.264649202
0.224348484
0.225072154
0.609449187089384
0.664678176036584
0.642173717885336
0.317579043
0.463180146
0.352097956
0.389355074479288
0.252464079282231
0.373405260865136
0.217579042835661
0.217579042835661
0.363180146084871
0.464456517537872
0.204938116
0.204962609
0.252097955702952
0.24435739738448
0.272406444823815
0.204975852
0.204950768
0.203976474
0.270086585
0.351262954
0.40250096
0.443761954412084
0.720222347744656
0.438955966252872
0.147624976472136
0.146009724736165
0.29167557928416
0.146274124088752
0.146348288140118
0.145494181097991
0.640505614576992
0.146777118704097
0.146777118704097
0.14634558288018
0.152227307643906
0.157241876016237
0.283523573497404
0.456967791320432
0.321490261792886
0.201532372
0.211243685
0.208760145
0.162362856194072
0.192329858696001
0.445018597389777
0.480666842904786
0.323335236595188
0.406997979818016
0.205406734
0.205228437
0.20529024
0.495752555628481
0.471100016027661
0.270964171423825
0.204578484
0.205287986
0.210189423
0.14409312486844
0.14409312486844
0.148611601489153
0.21436823
0.20867284
0.2053633
0.152537437570605
0.152606320247401
0.152508906767222
0.352779364
0.422498317
0.496460463
0.148951090896165
0.143535883523967
0.141838845812766
0.47591668
0.30913681
0.29209669
0.15349242235322
0.150512173944357
0.14648808028351
0.287081825
0.201096662
0.637231813
0.618478098
0.407795895
0.293720066
0.394504384
0.470380431
0.205008104
0.326396316
0.617088012
0.205647599
0.205647599
0.319602978
0.464139826
0.351241885
0.218635713
0.243608216
0.454182164
0.453134962
0.683518623
0.221550316
0.221550316
0.230119252
0.231545114
0.236463753
0.260807841
0.260583781
0.260125861
0.292022846272566
0.146848787907351
0.145925739391735
0.14595513074993
0.145971022391523
0.145940921795311
0.144771768274582
0.146228405348732
0.150407408119395
0.146435959607154
0.142191063283594
0.142830038363671
0.140234160141584
0.140224419
0.1422957
0.1556324
0.1422156
0.14487
0.14637
0.152677
0.142369
0.151457
0.146235
0.144521
0.140224419
0.146234
