0.343087264491283
0.359017845147609
0.359017845147609
0.504652540164395
0.229757123828144
0.264649202363051
0.264649202363051
0.264649202363051
0.264649202363051
0.264649202363051
0.264649202363051
0.264649202363051
0.385983455070726
0.293414963085793
0.2869644978204
0.310338704019846
0.371044678804508
0.309980414809328
0.224348483860128
0.225072154040764
0.292719128488495
0.335417466395912
0.284068911257591
0.221550315817084
0.221550315817084
0.230119251878929
0.231545114430228
0.236463753447777
0.260807841004816
0.26058378053254
0.260125860948887
0.315387026319272
0.281000305628081
0.59120765590782
0.63723181336382
0.61847809823778
0.407795895399407
0.293720066068526
0.39450438405428
0.47038043128156
0.326685705227138
0.205707323256126
0.204938116159779
0.204962608958275
0.204975851992936
0.204950768162759
0.203976473562152
0.20519033779061
0.206354147060113
0.205008103946804
0.326396316070133
0.617088012147493
0.205647598920081
0.205647598920081
0.319602977914503
0.46413982610036
0.351241884827405
0.21863571349506
0.243608215580001
0.454182164491481
0.45313496201007
0.683518623120547
0.449129971877393
0.483889035753988
0.352779363829323
0.422498316515013
0.496460463023734
0.475916680023051
0.309136809519854
0.292096689694915
0.287081825040275
0.201096661870168
0.203410937390367
0.203410937390367
0.207176334574294
0.210447864642171
0.210505266872834
0.210424088972685
0.207459242413471
0.202946569603306
0.201532371510638
0.21124368529435
0.208760144953631
0.205406733569592
0.205228436740627
0.205290240116765
0.204578484248326
0.205287985733483
0.210189423036588
0.214368230013531
0.208672840099496
0.205363299672628
0.201825886069662
0.202358365303059
0.20019513345132
0.205477097146137
