1
1
1
1
1
1
1
1
1
1
1
1
1
1
1
1
1
1
1
1
1
1
1
1
1
1
1
1
1
1
1
1
1
1
1
1
1
1
1
1
1
1
1
1
1
1
1
1
1
1
1.22023923745852
2.36183402328924
1.10521983988179
1.10521983988179
1.10521983988179
1.10521983988179
1.22681009063557
1.0962352539732
1.0962352539732
1.0962352539732
1.0962352539732
1.28752089369632
1.07490905837435
1.07490905837435
1.07490905837435
1.07490905837435
1.07490905837435
1.07490905837435
1.07490905837435
1.02226167644687
1
1
1
1
1
1
1
1
1
1
1.0360866642481
1.0604066001108
1.06038386936776
1.06034915675067
1.06031368380065
1.06051558509401
1.06037238089241
1.06048368191296
1.06033741755926
1.0602651593031
1.02167598784663
1
1
1
1
1
