1,0,0,0,0,1,0,0,0,0,1,0,0,0,0,1,0,0,0,0,1,0,0,0,0
1,0,0,0,0,1,0,0,0,0,1,0,0,0,0,1,0,0,0,0,1,0,0,0,0
1,0,0,0,0,1,0,0,0,0,1,0,0,0,0,1,0,0,0,0,1,0,0,0,0
1,0,0,0,0,1,0,0,0,0,1,0,0,0,0,1,0,0,0,0,1,0,0,0,0
1,0,0,0,0,1,0,0,0,0,1,0,0,0,0,1,0,0,0,0,1,0,0,0,0
1,0,0,0,0,1,0,0,0,0,1,0,0,0,0,1,0,0,0,0,1,0,0,0,0
1,0,0,0,0,1,0,0,0,0,1,0,0,0,0,1,0,0,0,0,1,0,0,0,0
1,0,0,0,0,1,0,0,0,0,1,0,0,0,0,1,0,0,0,0,1,0,0,0,0
1,0,0,0,0,1,0,0,0,0,1,0,0,0,0,1,0,0,0,0,1,0,0,0,0
1,0,0,0,0,1,0,0,0,0,1,0,0,0,0,1,0,0,0,0,1,0,0,0,0
1,0,0,0,0,1,0,0,0,0,1,0,0,0,0,1,0,0,0,0,1,0,0,0,0
1,0,0,0,0,1,0,0,0,0,1,0,0,0,0,1,0,0,0,0,1,0,0,0,0
1,0,0,0,0,1,0,0,0,0,1,0,0,0,0,1,0,0,0,0,1,0,0,0,0
1,0,0,0,0,1,0,0,0,0,1,0,0,0,0,1,0,0,0,0,1,0,0,0,0
1,0,0,0,0,1,0,0,0,0,1,0,0,0,0,1,0,0,0,0,1,0,0,0,0
1,0,0,0,0,1,0,0,0,0,1,0,0,0,0,1,0,0,0,0,1,0,0,0,0
1,0,0,0,0,1,0,0,0,0,1,0,0,0,0,1,0,0,0,0,1,0,0,0,0
1,0,0,0,0,1,0,0,0,0,1,0,0,0,0,1,0,0,0,0,1,0,0,0,0
1,0,0,0,0,1,0,0,0,0,1,0,0,0,0,1,0,0,0,0,1,0,0,0,0
1,0,0,0,0,1,0,0,0,0,1,0,0,0,0,1,0,0,0,0,0,0.750011258,0.249988742,0,0
1,0,0,0,0,1,0,0,0,0,1,0,0,0,0,1,0,0,0,0,0,0,0,0.0261096370000002,0.973890363
1,0,0,0,0,1,0,0,0,0,1,0,0,0,0,1,0,0,0,0,0,0,0,0,1
1,0,0,0,0,1,0,0,0,0,1,0,0,0,0,1,0,0,0,0,0,0,0,0.557441683,0.442558317
1,0,0,0,0,1,0,0,0,0,1,0,0,0,0,1,0,0,0,0,1,0,0,0,0
1,0,0,0,0,1,0,0,0,0,1,0,0,0,0,1,0,0,0,0,1,0,0,0,0
1,0,0,0,0,1,0,0,0,0,1,0,0,0,0,1,0,0,0,0,1,0,0,0,0
1,0,0,0,0,1,0,0,0,0,1,0,0,0,0,1,0,0,0,0,1,0,0,0,0
0.447326899,0.552673101,0,0,0,1,0,0,0,0,1,0,0,0,0,1,0,0,0,0,1,0,0,0,0
0,0.1723915,0.8276085,0,0,1,0,0,0,0,1,0,0,0,0,1,0,0,0,0,1,0,0,0,0
0,0.1723915,0.8276085,0,0,1,0,0,0,0,1,0,0,0,0,1,0,0,0,0,1,0,0,0,0
0,0.206195919,0.793804081,0,0,1,0,0,0,0,1,0,0,0,0,1,0,0,0,0,1,0,0,0,0
0,0,0.687672636,0.312327364,0,0.526282568,0.473717432,0,0,0,1,0,0,0,0,1,0,0,0,0,1,0,0,0,0
1,0,0,0,0,0.532341009,0.467658991,0,0,0,1,0,0,0,0,1,0,0,0,0,1,0,0,0,0
1,0,0,0,0,0,0,0,0.87478403,0.12521597,1,0,0,0,0,1,0,0,0,0,1,0,0,0,0
1,0,0,0,0,0,0,0.908189737,0.0918102630000002,0,1,0,0,0,0,1,0,0,0,0,1,0,0,0,0
1,0,0,0,0,1,0,0,0,0,1,0,0,0,0,1,0,0,0,0,1,0,0,0,0
1,0,0,0,0,0.294649241,0.705350759,0,0,0,1,0,0,0,0,1,0,0,0,0,1,0,0,0,0
1,0,0,0,0,0,0,0,0.623573112,0.376426888,1,0,0,0,0,1,0,0,0,0,1,0,0,0,0
0,0,0.280610937,0.719389063,0,0,0,0,0.605756913,0.394243087,1,0,0,0,0,1,0,0,0,0,1,0,0,0,0
0,0,0,0,1,0,0,0,0.603975186,0.396024814,1,0,0,0,0,1,0,0,0,0,1,0,0,0,0
0.422040372,0.577959628,0,0,0,0,0,0,0,1,1,0,0,0,0,1,0,0,0,0,1,0,0,0,0
0,0.0947107279999999,0.905289272,0,0,0.445887057,0.554112943,0,0,0,1,0,0,0,0,1,0,0,0,0,1,0,0,0,0
0,0,0,0.023681582,0.976318418,1,0,0,0,0,1,0,0,0,0,1,0,0,0,0,1,0,0,0,0
0,0,0,0.00829195599999988,0.991708044,1,0,0,0,0,1,0,0,0,0,1,0,0,0,0,1,0,0,0,0
0,0,0,0,1,1,0,0,0,0,1,0,0,0,0,1,0,0,0,0,1,0,0,0,0
0,0,0,0.015723135,0.984276865,1,0,0,0,0,1,0,0,0,0,1,0,0,0,0,1,0,0,0,0
0,0,0,0.00545571999999961,0.99454428,1,0,0,0,0,1,0,0,0,0,1,0,0,0,0,1,0,0,0,0
0,0,0,0.905290194,0.094709806,1,0,0,0,0,1,0,0,0,0,1,0,0,0,0,1,0,0,0,0
0,0,0,0.956653477,0.0433465230000003,1,0,0,0,0,1,0,0,0,0,1,0,0,0,0,1,0,0,0,0
0,0,0.0358225729999999,0.964177427,0,1,0,0,0,0,1,0,0,0,0,1,0,0,0,0,1,0,0,0,0
0,0,0.562219204,0.437780796,0,1,0,0,0,0,1,0,0,0,0,1,0,0,0,0,1,0,0,0,0
1,0,0,0,0,1,0,0,0,0,1,0,0,0,0,1,0,0,0,0,1,0,0,0,0
1,0,0,0,0,1,0,0,0,0,1,0,0,0,0,1,0,0,0,0,1,0,0,0,0
1,0,0,0,0,1,0,0,0,0,1,0,0,0,0,1,0,0,0,0,1,0,0,0,0
1,0,0,0,0,1,0,0,0,0,0,0.71135655,0.28864345,0,0,1,0,0,0,0,1,0,0,0,0
1,0,0,0,0,1,0,0,0,0,0,0,0.577673022,0.422326978,0,1,0,0,0,0,1,0,0,0,0
1,0,0,0,0,1,0,0,0,0,0,0,0.551746753,0.448253247,0,1,0,0,0,0,1,0,0,0,0
1,0,0,0,0,1,0,0,0,0,0,0,0.56795061,0.43204939,0,1,0,0,0,0,1,0,0,0,0
1,0,0,0,0,1,0,0,0,0,0,0,0.574432542,0.425567458,0,1,0,0,0,0,1,0,0,0,0
1,0,0,0,0,1,0,0,0,0,0,0,0.561469165,0.438530835,0,1,0,0,0,0,1,0,0,0,0
1,0,0,0,0,1,0,0,0,0,0,0,0.538783375,0.461216625,0,1,0,0,0,0,1,0,0,0,0
1,0,0,0,0,1,0,0,0,0,0,0,0.532301929,0.467698071,0,1,0,0,0,0,1,0,0,0,0
1,0,0,0,0,1,0,0,0,0,0.239753151,0.760246849,0,0,0,1,0,0,0,0,1,0,0,0,0
1,0,0,0,0,1,0,0,0,0,1,0,0,0,0,1,0,0,0,0,1,0,0,0,0
1,0,0,0,0,1,0,0,0,0,1,0,0,0,0,1,0,0,0,0,1,0,0,0,0
1,0,0,0,0,1,0,0,0,0,1,0,0,0,0,1,0,0,0,0,1,0,0,0,0
1,0,0,0,0,1,0,0,0,0,1,0,0,0,0,1,0,0,0,0,1,0,0,0,0
1,0,0,0,0,1,0,0,0,0,1,0,0,0,0,1,0,0,0,0,1,0,0,0,0
1,0,0,0,0,1,0,0,0,0,1,0,0,0,0,1,0,0,0,0,1,0,0,0,0
1,0,0,0,0,1,0,0,0,0,1,0,0,0,0,1,0,0,0,0,1,0,0,0,0
1,0,0,0,0,1,0,0,0,0,1,0,0,0,0,1,0,0,0,0,1,0,0,0,0
1,0,0,0,0,1,0,0,0,0,1,0,0,0,0,1,0,0,0,0,1,0,0,0,0
1,0,0,0,0,1,0,0,0,0,1,0,0,0,0,1,0,0,0,0,1,0,0,0,0
1,0,0,0,0,1,0,0,0,0,1,0,0,0,0,1,0,0,0,0,1,0,0,0,0
1,0,0,0,0,1,0,0,0,0,0,0,0.361205512,0.638794488,0,1,0,0,0,0,1,0,0,0,0
1,0,0,0,0,1,0,0,0,0,0,0,0,0.0192351390000001,0.980764861,1,0,0,0,0,1,0,0,0,0
1,0,0,0,0,1,0,0,0,0,0,0,0,0,1,1,0,0,0,0,1,0,0,0,0
1,0,0,0,0,1,0,0,0,0,0,0,0,0.0272403649999999,0.972759635,1,0,0,0,0,1,0,0,0,0
1,0,0,0,0,1,0,0,0,0,0,0,0.217529512,0.782470488,0,1,0,0,0,0,1,0,0,0,0
1,0,0,0,0,1,0,0,0,0,1,0,0,0,0,1,0,0,0,0,1,0,0,0,0
1,0,0,0,0,1,0,0,0,0,1,0,0,0,0,1,0,0,0,0,1,0,0,0,0
1,0,0,0,0,1,0,0,0,0,1,0,0,0,0,0,0.253736166,0.746263834,0,0,1,0,0,0,0
1,0,0,0,0,1,0,0,0,0,1,0,0,0,0,0,0,0.943744192,0.056255808,0,1,0,0,0,0
1,0,0,0,0,1,0,0,0,0,1,0,0,0,0,0,0,0.746263834,0.253736166,0,1,0,0,0,0
1,0,0,0,0,1,0,0,0,0,1,0,0,0,0,0,0,0.858761161,0.141238839,0,1,0,0,0,0
1,0,0,0,0,1,0,0,0,0,1,0,0,0,0,0,0,0.827986354,0.172013646,0,1,0,0,0,0
1,0,0,0,0,1,0,0,0,0,1,0,0,0,0,0,0.309641689,0.690358311,0,0,1,0,0,0,0
1,0,0,0,0,1,0,0,0,0,1,0,0,0,0,0,0,0.827986354,0.172013646,0,1,0,0,0,0
1,0,0,0,0,1,0,0,0,0,1,0,0,0,0,0,0,0,0,1,1,0,0,0,0
1,0,0,0,0,1,0,0,0,0,1,0,0,0,0,0,0,0.746263834,0.253736166,0,1,0,0,0,0
1,0,0,0,0,1,0,0,0,0,1,0,0,0,0,0,0,0.33276636,0.66723364,0,1,0,0,0,0
1,0,0,0,0,1,0,0,0,0,1,0,0,0,0,0,0,0.435417294,0.564582706,0,1,0,0,0,0
1,0,0,0,0,1,0,0,0,0,1,0,0,0,0,0,0,0.926706646,0.073293354,0,1,0,0,0,0
1,0,0,0,0,1,0,0,0,0,1,0,0,0,0,0,0,0.435417294,0.564582706,0,1,0,0,0,0
1,0,0,0,0,1,0,0,0,0,1,0,0,0,0,1,0,0,0,0,1,0,0,0,0
1,0,0,0,0,1,0,0,0,0,0.3957343,0.6042657,0,0,0,0,0.0278085309999998,0.972191469,0,0,1,0,0,0,0
