1
1
1
1
1
1
1
1
1
1
1
1
1
1
1
1
1
1
1
1.07015694840913
1.22303882572132
1.22450425688437
1.1932172491848
1
1
1
1
1.00546071068304
1.0296756404303
1.0296756404303
1.02912674399914
1.07169121050907
1.00694946786024
1.09959980602441
1.0666654395839
1
1.01376095363448
1.10760583151007
1.49389588287792
1.58322071560203
1.20684168887169
1.07317443421452
1.06456513832637
1.06481502609365
1.0649496660369
1.06469436294507
1.0648610792389
1.05025009209521
1.04941608507585
1.04813058348944
1.03958326214284
1
1
1
1.02442587152848
1.04591452163483
1.04640594671894
1.04609880719997
1.04597594401521
1.04622166115379
1.04665166387647
1.04677451784924
1.01044860715459
1
1
1
1
1
1
1
1
1
1
1
1.05001760196271
1.0754542702094
1.07581886681993
1.07530253341841
1.05274093984001
1
1
1.03215699467714
1.0378654163164
1.04150196578699
1.03943035674654
1.03999706681957
1.03112750900004
1.03999706681957
1.07365896046413
1.04150196578699
1.04911641430934
1.04722612403706
1.03817915829821
1.04722612403706
1
1.07506201257401
