1,0,0,0,0,0.329976692,0.670023308,0,0,0,1,0,0,0,0
1,0,0,0,0,0.225059968,0.774940032,0,0,0,1,0,0,0,0
1,0,0,0,0,0.225059968,0.774940032,0,0,0,1,0,0,0,0
1,0,0,0,0,0,0,0,0.302066484,0.697933516,1,0,0,0,0
1,0,0,0,0,0.618217588,0.381782412,0,0,0,1,0,0,0,0
1,0,0,0,0,0.618217588,0.381782412,0,0,0,1,0,0,0,0
1,0,0,0,0,0.618217588,0.381782412,0,0,0,1,0,0,0,0
1,0,0,0,0,0.618217588,0.381782412,0,0,0,1,0,0,0,0
1,0,0,0,0,0.618217588,0.381782412,0,0,0,1,0,0,0,0
1,0,0,0,0,0.618217588,0.381782412,0,0,0,1,0,0,0,0
1,0,0,0,0,0.618217588,0.381782412,0,0,0,1,0,0,0,0
1,0,0,0,0,0.618217588,0.381782412,0,0,0,1,0,0,0,0
1,0,0,0,0,0,0.00978136400000018,0.990218636,0,0,1,0,0,0,0
1,0,0,0,0,0.292387348,0.707612652,0,0,0,1,0,0,0,0
1,0,0,0,0,0.292387348,0.707612652,0,0,0,1,0,0,0,0
0.908443204,0.0915567959999999,0,0,0,0.292387348,0.707612652,0,0,0,1,0,0,0,0
0.706895936,0.293104064,0,0,0,0.248494592,0.751505408,0,0,0,1,0,0,0,0
0.568342308,0.431657692,0,0,0,0.872856052,0.127143948,0,0,0,1,0,0,0,0
0.403399012,0.596600988,0,0,0,0.872856052,0.127143948,0,0,0,1,0,0,0,0
0.3967066,0.6032934,0,0,0,0.872856052,0.127143948,0,0,0,1,0,0,0,0
0.398266836,0.601733164,0,0,0,0.872856052,0.127143948,0,0,0,1,0,0,0,0
0.541593168,0.458406832,0,0,0,0.872856052,0.127143948,0,0,0,1,0,0,0,0
1,0,0,0,0,0.872856052,0.127143948,0,0,0,1,0,0,0,0
1,0,0,0,0,0.872856052,0.127143948,0,0,0,1,0,0,0,0
1,0,0,0,0,0.872856052,0.127143948,0,0,0,1,0,0,0,0
1,0,0,0,0,0.872856052,0.127143948,0,0,0,1,0,0,0,0
1,0,0,0,0,0.872856052,0.127143948,0,0,0,1,0,0,0,0
0.977261868,0.0227381319999997,0,0,0,0.872856052,0.127143948,0,0,0,1,0,0,0,0
0.873383928,0.126616072,0,0,0,0.872856052,0.127143948,0,0,0,1,0,0,0,0
0.876535348,0.123464652,0,0,0,0.872856052,0.127143948,0,0,0,1,0,0,0,0
0.881017384,0.118982616,0,0,0,0.872856052,0.127143948,0,0,0,1,0,0,0,0
0.596813552,0.403186448,0,0,0,0.872856052,0.127143948,0,0,0,1,0,0,0,0
0.510980316,0.489019684,0,0,0,0.872856052,0.127143948,0,0,0,1,0,0,0,0
0,0,0,0.66558588,0.33441412,0.872856052,0.127143948,0,0,0,1,0,0,0,0
0,0,0,0.12226074,0.87773926,0.872856052,0.127143948,0,0,0,1,0,0,0,0
0,0,0,0.120384972,0.879615028,0.872856052,0.127143948,0,0,0,1,0,0,0,0
0,0.442276232,0.557723768,0,0,0.872856052,0.127143948,0,0,0,1,0,0,0,0
0.867676204,0.132323796,0,0,0,0.872856052,0.127143948,0,0,0,1,0,0,0,0
1,0,0,0,0,0.872856052,0.127143948,0,0,0,1,0,0,0,0
0.509179844,0.490820156,0,0,0,0.872856052,0.127143948,0,0,0,1,0,0,0,0
0.585700808,0.414299192,0,0,0,0.872856052,0.127143948,0,0,0,1,0,0,0,0
1,0,0,0,0,0.872856052,0.127143948,0,0,0,1,0,0,0,0
1,0,0,0,0,0.872856052,0.127143948,0,0,0,1,0,0,0,0
1,0,0,0,0,0.872856052,0.127143948,0,0,0,1,0,0,0,0
1,0,0,0,0,0.872856052,0.127143948,0,0,0,1,0,0,0,0
1,0,0,0,0,0.872856052,0.127143948,0,0,0,1,0,0,0,0
1,0,0,0,0,0.969319464,0.0306805360000002,0,0,0,1,0,0,0,0
0.794784296,0.205215704,0,0,0,1,0,0,0,0,1,0,0,0,0
0.78907564,0.21092436,0,0,0,1,0,0,0,0,1,0,0,0,0
0.79450344,0.20549656,0,0,0,1,0,0,0,0,1,0,0,0,0
0.833110996,0.166889004,0,0,0,1,0,0,0,0,0.119043052,0.880956948,0,0,0
1,0,0,0,0,1,0,0,0,0,0,0,0,0,1
1,0,0,0,0,1,0,0,0,0,0.57912064,0.42087936,0,0,0
1,0,0,0,0,1,0,0,0,0,0.57912064,0.42087936,0,0,0
0.34326746,0.65673254,0,0,0,1,0,0,0,0,0.57912064,0.42087936,0,0,0
0,0.87441558,0.12558442,0,0,1,0,0,0,0,0.57912064,0.42087936,0,0,0
0.8230232,0.1769768,0,0,0,1,0,0,0,0,0.0927596360000003,0.907240364,0,0,0
0.825619916,0.174380084,0,0,0,1,0,0,0,0,0.615058984,0.384941016,0,0,0
0.578034984,0.421965016,0,0,0,1,0,0,0,0,0.615058984,0.384941016,0,0,0
0,0.6725234,0.3274766,0,0,1,0,0,0,0,0.615058984,0.384941016,0,0,0
0,0.725728292,0.274271708,0,0,1,0,0,0,0,0.615058984,0.384941016,0,0,0
0,0.728199548,0.271800452,0,0,1,0,0,0,0,0,0.849916424,0.150083576,0,0
0,0.72278486,0.27721514,0,0,1,0,0,0,0,0.700363768,0.299636232,0,0,0
0,0.783810324,0.216189676,0,0,1,0,0,0,0,0.700363768,0.299636232,0,0,0
0.670565448,0.329434552,0,0,0,1,0,0,0,0,0.700363768,0.299636232,0,0,0
0.116960948,0.883039052,0,0,0,1,0,0,0,0,0.700363768,0.299636232,0,0,0
0,0.493026768,0.506973232,0,0,1,0,0,0,0,0.700363768,0.299636232,0,0,0
0,0.977931448,0.0220685520000004,0,0,1,0,0,0,0,0.700363768,0.299636232,0,0,0
1,0,0,0,0,1,0,0,0,0,0.700363768,0.299636232,0,0,0
1,0,0,0,0,1,0,0,0,0,0.910953296,0.0890467040000003,0,0,0
0.969588268,0.0304117320000001,0,0,0,1,0,0,0,0,1,0,0,0,0
1,0,0,0,0,0.849774424,0.150225576,0,0,0,1,0,0,0,0
1,0,0,0,0,0.58912864,0.41087136,0,0,0,1,0,0,0,0
1,0,0,0,0,0.58912864,0.41087136,0,0,0,1,0,0,0,0
1,0,0,0,0,0.58912864,0.41087136,0,0,0,1,0,0,0,0
1,0,0,0,0,0.58912864,0.41087136,0,0,0,1,0,0,0,0
1,0,0,0,0,0.58912864,0.41087136,0,0,0,1,0,0,0,0
1,0,0,0,0,0.58912864,0.41087136,0,0,0,1,0,0,0,0
1,0,0,0,0,0.58912864,0.41087136,0,0,0,1,0,0,0,0
1,0,0,0,0,0.631198108,0.368801892,0,0,0,1,0,0,0,0
1,0,0,0,0,1,0,0,0,0,0.855653344,0.144346656,0,0,0
0.793231372,0.206768628,0,0,0,1,0,0,0,0,0.7583736,0.2416264,0,0,0
0.878683824,0.121316176,0,0,0,1,0,0,0,0,0.758464524,0.241535476,0,0,0
1,0,0,0,0,1,0,0,0,0,0.758603372,0.241396628,0,0,0
1,0,0,0,0,1,0,0,0,0,0.758745264,0.241254736,0,0,0
1,0,0,0,0,1,0,0,0,0,0.75793766,0.24206234,0,0,0
1,0,0,0,0,1,0,0,0,0,0.758510476,0.241489524,0,0,0
1,0,0,0,0,1,0,0,0,0,0.758065272,0.241934728,0,0,0
0.969588268,0.0304117320000001,0,0,0,1,0,0,0,0,0.758650328,0.241349672,0,0,0
0.75095582,0.24904418,0,0,0,1,0,0,0,0,0.758939364,0.241060636,0,0,0
0.752464584,0.247535416,0,0,0,1,0,0,0,0,0.913296048,0.0867039519999997,0,0,0
0.76442626,0.23557374,0,0,0,1,0,0,0,0,1,0,0,0,0
1,0,0,0,0,1,0,0,0,0,1,0,0,0,0
1,0,0,0,0,1,0,0,0,0,1,0,0,0,0
1,0,0,0,0,1,0,0,0,0,1,0,0,0,0
1,0,0,0,0,1,0,0,0,0,1,0,0,0,0
