1.04161508956828
1.05579729568753
1.05579729568753
1.40443498071358
1.01721478372633
1.01721478372633
1.01721478372633
1.01721478372633
1.01721478372633
1.01721478372633
1.01721478372633
1.01721478372633
1.21766590237056
1.04622508969114
1.04622508969114
1.07227712669659
1.15439241786915
1.04709430699581
1.07551085864554
1.07691494426387
1.07658547508075
1.05102004811516
1.00461565587451
1.00461565587451
1.00461565587451
1.00461565587451
1.00461565587451
1.00618471121413
1.01407047759072
1.01381223546721
1.0134471598843
1.04314932762573
1.0557984423403
1.62790081661336
1.72737890220088
1.72772233893131
1.32071120892512
1.014541486331
1.00461565587451
1.05608959554146
1.04466175489901
1.00461565587451
1.00461565587451
1.00461565587451
1.00461565587451
1.00461565587451
1.00103720492158
1.0107143954542
1.01106771649454
1.01073169568273
1.23725532545376
1.8323362309403
1.03116495391738
1.03116495391738
1.23717069083735
1.50559267405541
1.26324916978247
1.06140658787932
1.12645655731536
1.48713387676037
1.48511005246581
1.9738498740139
1.42588894731983
1.42255719148031
1.0772287497409
1.30410949573736
1.43921209195866
1.41248238287713
1.01955068860273
1.0048160820042
1.00137721368691
1.00555165606211
1.01905331696503
1.01905331696503
1.01905331696503
1.01905331696503
1.01905331696503
1.01905331696503
1.01905331696503
1.01642677676626
1.00817421807083
1.04273134123757
1.03020734431055
1.01490014713868
1.01488943003303
1.0149504660534
1.01490716510301
1.0149408154798
1.01849047924358
1.0494574007782
1.02484534212073
1.01263493966095
1
1
1
1
