1.13815865462532
1.13879456838072
1.13879456838072
1.13879456838072
1.13879456838072
1.13879456838072
1.13879456838072
1.13879456838072
1.13879456838072
1.13879456838072
1.13879456838072
1.13879456838072
1.13879456838072
1.13879456838072
1.10252744356691
1.1984073692407
1.36846168547633
1.36846168547633
1.36846168547633
1.36622337911633
1.36846168547633
1.36846168547633
1.27780958574111
1
1
1.19828215923016
1.22240202478009
1.22240202478009
1.22240202478009
1.22240202478009
1.22240202478009
1.22240202478009
1.22240202478009
1.22240202478009
1.22240202478009
1.22240202478009
1.22240202478009
1.22240202478009
1.22240202478009
1.22240202478009
1.22240202478009
1.22240202478009
1.22240202478009
1.22240202478009
1.22240202478009
1.22240202478009
1.22240202478009
1.22240202478009
1.22240202478009
1.22240202478009
1.22240202478009
1.22240202478009
1.22240202478009
1.22240202478009
1.22240202478009
1.22240202478009
1.22240202478009
1.22240202478009
1.22240202478009
1.22240202478009
1.22240202478009
1.22240202478009
1.22240202478009
1.22240202478009
1.22240202478009
1.22240202478009
1.22240202478009
1.22240202478009
1.22240202478009
1.22240202478009
1.22240202478009
1.22240202478009
1.22240202478009
1.22240202478009
1.22240202478009
1.22240202478009
1.22240202478009
1.22240202478009
1.22240202478009
1.22240202478009
1.22240202478009
1.22240202478009
1.22240202478009
1.22240202478009
1.22240202478009
1.22240202478009
1.22240202478009
1.22240202478009
1.22240202478009
1.22240202478009
1.22240202478009
1.22240202478009
1.22240202478009
1.22240202478009
1.22240202478009
2.04061102716944
