1.44667912792903
1.49869774264193
1.49869774264193
1.40445107957925
1.09281706846527
1.17148692479148
1.17148692479148
1.17148692479148
1.17148692479148
1.17148692479148
1.17148692479148
1.17148692479148
1.17148692479148
1.17148692479148
1.17148692479148
1.17148692479148
1.17148692479148
1.17148692479148
1.03624538598474
1
1
1.12259456805865
1.12421035792501
1.12421035792501
1.12421035792501
1.12410696487812
1.12440878568231
1.12421035792501
1.12421035792501
1.12440878568231
1.12525980817808
1.12421035792501
1.12421035792501
1.12440878568231
1.12421035792501
1.12389124995206
1.12468719514651
1.12421035792501
1.12431091690611
1.12431091690611
1.06768797787738
1
1
1
1
1
1
1
1
1
1
1
1
1
1
1
1
1
1
1
1
1
1.16918723245632
1.26056203291474
1.26056203291474
1.26056203291474
1.26056203291474
1.25919555585051
1.26040556267807
1.26056203291474
1.2590043657881
1
1
1
1
1
1
1
1
1
1
1
1
1
1
1
1
1
1
1
1
1
1
1
1
1
