2.38609131875627
2.56209434427181
2.56209434427181
2.24437816138014
1.19852520803562
1.42231497121754
1.42231497121754
1.42231497121754
1.42231497121754
1.42231497121754
1.42231497121754
1.42231497121754
1.42231497121754
1.42231497121754
1.43956590284559
1.43646511774633
1.48802819824844
1.48802819824844
1.15493226248045
1.23540229042759
1.95123861166248
2.08092772595937
1.97479737481165
1.06364307385881
1.06364307385881
1.30912312197426
1.33109253863779
1.35514938887461
1.46019346988484
1.46087181471568
1.4614747889434
1.62799605773623
1.36179819986471
1.73107395787017
1.6088188283037
1.32965305599739
1.39339355902319
1.75859455293565
3.47613862113064
3.6912459693066
2.01875516396728
1.25458188450215
1.23513245925754
1.23567765672355
1.23597187279232
1.23541425886222
1.23577825547023
1.2056586890863
1.20404175005868
1.2015697233038
1.18573315571507
1.12381808165218
1.12381808165218
1.12381808165218
1.1599890751889
1.19736495484895
1.19829126290678
1.19771191566509
1.19748054250347
1.19794348824775
1.1987557270131
1.19898827701437
1.55288685089659
1.89236779940819
1.89236779940819
1.89236779940819
1.89236779940819
1.88776125056466
1.89184032130388
1.89236779940819
1.88711672740519
1.12381808165218
1.12381808165218
1.12381808165218
1.20520689980904
1.25997248865804
1.26084434570468
1.25961044335777
1.21055051098913
1.12381808165218
1.12381808165218
1.17276771830893
1.18267083360698
1.18920004411268
1.18545899662283
1.18647667255857
1.17102505289307
1.18647667255857
1.25571879057681
1.18920004411268
1.20346329488466
1.19984499702638
1.18322722632854
1.19984499702638
1.12381808165218
1.31263448670764
